-517.7243928803873
-260.32087866942584
-149.69692187246457
-645.4426288244798
-310.0710823648298
-331.3800408635734
-396.7150914921675
-220.98021491216878
-240.08606957198873
-422.1546022617856
-255.90925816235185
-232.93953773359522
-367.18667457552436
-161.8450625543314
-173.62364485910928
-153.03573053513182
-164.56493845897097
-48.36310983499626
-283.35230462894856
-193.1754503957266
-156.98033521642208
-187.00105755619023
-249.78973510509815
-175.876596797775
-291.716125532873
-240.93294161348473
-305.5803503046666
-182.74175050272208
-68.67347626400934
-190.38792286592422
-234.2424136162309
-224.69733176023308
-444.03926154967013
-298.57654979857745
-237.20570761088072
-264.1986729879048
-186.08168462880252
-74.39149084289811
45.17025539948307
-9.358271696589199
-74.07329102962431
-563.8624730090287
-80.60028299849085
-142.12710639644712
-162.58288867885454
-36.6174409041333
-237.1647693063295
-162.4754362651399
-298.01506290450266
-144.63474041454663
-414.8518846217404
-527.2489100077869
-166.65573937662225
-54.85635981234981
-15.33566247751422
-1.135426822943245
-112.32832728194818
-174.72406527339027
-402.64932266348274
-93.87264735795392
-2.729748573905823
162.2730711947163
-237.04152539410416
-315.2949220700034
-204.0649814865332
-431.36804852150317
-189.04347316472717
-220.81108768049862
-295.0765242400266
-451.8697330639099
-239.8601501161063
-89.54850928734784
-61.906707427212964
-45.465722708081444
-182.6423671266461
-31.56406217169952
-26.830032989962376
-10.00890832852724
-219.67454362282595
-27.581088683769636
-156.98253613083574
-191.36986404892866
-72.43164668752209
-156.42981601269315
-79.47206887360065
-75.68059813316783
-359.63359417074923
-23.613320098312187
-260.8325212066915
-234.74536078363283
-90.58554100599926
-181.12275449679103
-290.99057492525424
-273.2415957411166
-171.28468823145732
-193.41532206517297
-61.44848078792805
-218.13835215976613
-106.50601627588652
-164.50572866700332
-151.81004339756652
-215.55820709214896
-384.3780187765763
-127.70444164839792
-305.3220306820806
-372.90127474329057
-166.07174131414416
-95.05758140584054
-73.82039547559408
-95.65695577968076
-51.124939582113356
-141.74982437179125
-58.91641468868016
-178.76623290668593
-305.7122542260613
-105.68981186534415
-144.38865215523765
-82.36786551340649
-111.17724899241318
-20.838570713142275
-203.75872814806462
-33.029384675605726
-118.71518335012225
-138.48941585402423
-121.68756017078945
-223.8539126507776
-456.7588122486446
-36.42234633756701
-233.7432676971467
-201.72955819053666
-317.96233154124826
-154.49400986119883
-225.4710466881404
-151.14581383812688
-205.91699896103984
-109.34858884446324
-44.29439428577704
-160.82053022043925
-202.15111946607846
-105.54810956034868
-202.7763795344086
-76.29848233740145
-224.79114827135191
-230.7270113341305
246.27559445679364
-168.07246231249098
-342.7907504993515
-125.56588610500155
-116.67441746910191
-93.11086315647799
-141.92698841851913
-169.66156066969342
30.503954324576853
-168.6351572656322
-134.9286481814452
-44.50694084452221
-119.00402894203609
-130.83830923222496
-111.83219910919166
-87.36436203457662
-252.5350900063741
-156.3049259447359
-174.3574152797474
-169.30920961378337
-247.9918983554527
-192.33871246706377
-224.16680844448018
-190.29525516046888
-259.42119381283
-474.5753908109931
-483.85656351084447
-265.7282867783805
-66.87030858903921
8.939701630907521
-24.233256950436584
-38.781864374084094
-128.6040710596005
-74.9228667190614
-212.29836045110034
-74.6485240173615
-112.0956051510083
-77.10623502087266
-102.66174511171245
-138.07935976047224
-89.08391407219341
-33.09494376643546
-122.10288610836588
-187.38376366177977
-65.66715808070774
-156.0528861481664
-173.1355888176248
-135.21184465646368
-265.60796730667516
-127.28546842115378
-56.89379247490735
-7.3790409862255615
-272.6367906501722
4.518523801587506
-191.98986698850132
-122.37850403782154
-296.4274827537652
-34.409882024416405
-64.67204236140594
-251.2634432525859
-57.04979392203824
-234.53119055348122
-185.0456470453948
-177.0972992183327
-256.2047267407907
-224.6798602668705
-581.4696156387563
-398.88354697243017
-186.61103651942193
-195.96661790448945
-124.56139301412487
-257.4941785248777
-343.2388832003045
-195.23071960143986
-58.96930501715487
-47.23262026684145
-295.2119186719044
-61.13441167924179
-304.4711981392953
-154.182783422635
-58.69512540572582
-260.67971857421196
-211.00923028219745
-101.94828430709602
-228.77620234191022
-176.25928863910943
-263.7326015605383
-244.10975948090004
-201.10165755613139
-240.14587429869152
-144.4720466085397
-182.76976967011018
-381.1509309321248
-161.74220070719255
-281.6487753109001
-322.8771375466407
-261.3769061782692
-114.96485187949072
-210.13785831411718
-242.98027195982385
-505.67907194815797
-366.3608237837993
-68.73100858901074
-78.84932279982152
-336.73006499113626
-160.03843837449858
-75.75677658130003
-78.16328584776079
-154.04321553785576
-127.58455860443723
-195.022180832225
-206.9045087968862
-108.05471819694908
-239.22753826662594
-141.96718718564202
-95.87657643907252
-143.72195914417958
-102.5848384662271
-60.13433669916503
-95.21178863791967
-151.70398121762588
-218.73716478239436
-121.22875856547914
-156.89333591214574
-19.419103243915686
-174.5155525334754
-86.68304660781483
-158.8952258902103
-116.81817452363993
-174.87325166830072
-213.0050843032032
-121.85139487325822
-293.03920987525714
-190.7726444058634
-104.24482315139426
-275.7919363129339
-125.9689943397511
-98.44307546659763
-149.8854811684157
-96.17586597509612
-115.23680399186824
-96.63232547132593
-280.35816714718703
-475.83577346015267
-62.539812041078804
-244.14769978598423
-496.7341160673338
-125.34918889760027
-186.51056099550962
-105.27998982764178
-70.87237706445211
-132.7676614926148
-125.50951301330147
-278.4661710305947
-60.439184091440126
-40.53614376754393
-114.04304299800516
-145.34613626695221
-108.99405058409603
-303.1038091782344
-175.45368278679274
-195.922856676236
-287.23891089117535
-97.42537304265869
-143.1807112163238
-140.33770047479743
-90.57136215301394
-82.69366335754229
-103.70865714109901
-118.10470146914189
-332.6414796278871
-115.69421740088475
-110.36935348516415
-155.73430190403116
-111.82934485305684
-39.93876500265384
-91.27721652700531
-92.9195916658428
-117.8741908081291
-101.2656834564973
-242.88415879040633
-401.40147925194026
-151.64935868948427
-339.1142725287717
-141.3702286748165
-144.31661377899871
-34.99619012438238
-198.8954063360016
-87.19869185358324
-411.2305269731068
-221.50085754834862
-256.0385741673253
-106.32745715561862
-73.20427591870543
11.332589849069393
-41.31696351641518
-124.55662601829961
-82.56177264886858
-76.52621098944782
-24.109212505193995
-158.6634763707265
-154.3367459199324
-96.24798094726226
-92.37838017512868
-47.0895652108659
-120.62106272829439
-90.9873726671458
-123.61157601358343
-123.57862297403129
-178.83105893786967
-283.41787512970654
-156.43681719705842
-132.27814946704058
-73.25566686393746
-168.88765507349868
-54.548589870389044
-100.67401685934452
-92.88254687709599
-46.8065618629428
-111.46523628966084
-114.2214088774244
-243.91149706880583
-110.45791361315247
-185.81677597385348
-56.417637241298095
-124.74530003957884
-162.303335838395
-3.923997674815382
-167.102196552755
-48.63107454444557
-84.67296788494806
236.64992509501417
-272.7795866147927
-22.380613157262715
-263.9633014561789
-45.3163443549696
-152.12754920610558
-216.64004919301368
-240.11735948837634
-234.63155830792357
-102.57563205587074
-272.78945784955863
-209.6503075916641
-309.60007464948256
-136.36177816771965
-135.5085960521031
-122.65148420142339
-121.271906172522
-41.09478944740765
-133.63763662610626
-189.683500382369
-206.98604091257783
-141.54326211720175
-89.2885032926561
-102.44980722843052
-108.0620118147086
-138.54616746761394
-86.52619706987544
-29.177763618936496
-39.35916368431621
-223.04608637181246
-45.89721541452932
-65.91883324027535
-223.00944194958504
-204.62581017830365
-154.25171097022513
-244.343413471681
-139.17145698327872
-77.73585508862288
-140.10765601952488
-315.0364777005734
-140.01987094395412
-56.11674895654913
-199.64269771140144
-105.52178051655861
-164.86681840644587
-113.23427264588989
5.057935070609176
-99.77027163219023
-153.01195041583213
-47.87671059533512
-337.7136319645984
-259.21353469138273
-170.17462684536605
-56.30562605652479
261.18392383368075
-335.4166537004197
-26.89626012239897
-88.84821157410397
-120.79691058601672
-169.1675605364149
-129.8674240525905
-118.04793260218035
-105.17950501719649
-286.9701368343125
-159.72913608973604
-30.19176566700898
-302.21299784866494
-286.04452091197004
-47.94778270032895
-492.90479685091526
-434.074566997651
-218.07844168578333
-324.013203220444
-375.9303393588263
-622.4454511856292
-75.92526981517165
-297.7411996261768
-409.74469416185906
-329.2298185253626
-153.3064948984494
-340.51927869090866
-117.16467466005
-190.77491552436354
-118.90247407663762
-105.8837491145886
-254.38209858296517
-45.591400878950004
-134.9080034731731
-233.31287479288522
-191.15607006599464
-117.15753076936568
-157.69345181172963
-126.4226496895096
-172.6075411532201
-289.0375659882716
-256.2124289682597
-266.2667032629506
-54.24515526055469
-192.036495937376
-173.71834829639823
0.8596029863822565
-167.21891313187336
-63.006636967379784
-252.05773160913063
-146.75119799139108
-97.64863453174011
-155.14654177720223
-220.57535359822344
-238.64687838459827
-195.232784045962
-257.98810482124264
-141.59061802321457
-16.988850381394812
-97.88977919403663
-164.4059079041
-197.00485797329895
-48.04836307262654
-49.30869037320585
-175.27958381033352
-340.2322961677567
-496.0240743630099
-39.53283241162471
-39.103439190833996
-173.6370692363492
-149.40521092851782
-182.8515685608115
-321.14027821090394
-136.7855989916087
-326.38738745294245
-258.3072805652345
-66.5239975573099
-43.8265794524676
-98.0978006882293
-76.96368363414354
-90.62631319965304
-219.94795499952647
-313.2336630738697
-417.4473822693028
-225.27177440671522
-176.7762657178206
-124.37436314256634
-55.546720995350256
-71.25616016309812
-270.8952008902378
-1.012460746818519
-306.8342741070738
-194.22956332065525
-385.38673465812883
-267.2881945330949
-91.76690131959548
14.557450259224225
-36.859641497162215
-193.39040981850485
-291.4526753737524
-355.7369055040541
-172.33394490497085
212.86510937205202
-470.8561718216983
-205.52390631861755
-312.67984787703347
-313.3204219760289
-246.97263718552392
-265.9978251274664
-228.13001113360423
-200.66809101443096
-262.19748588649213
-264.0934818144102
-120.06609589071417
-148.80651621627513
-165.66410907248104
-261.4810821640699
-271.619076569358
-187.1299536238655
-186.45056629908564
-149.10824369558458
-164.49505841237618
-155.60660065066708
-329.93238356799293
-72.73959489526551
-164.07813181784172
-319.72104742035856
-134.0949148079336
-402.2416047623956
-126.04906852627481
-27.51613470507702
-58.50732234642473
-310.1265532346337
-213.0072049488283
-235.2507684134543
-223.59070095492848
-73.4310398785776
-192.20257091560666
-59.9596546529755
-87.26554441548141
-106.1234934966943
-177.1491944025624
-52.42777242755169
-161.3884496621871
-175.98754785663422
-112.44233463549357
-140.3952632915324
-95.4239756091473
-220.80944334111672
-162.9436179133931
-243.3318095996577
-152.22256025136903
-51.166582403665124
-301.4528849185298
-214.25538444402576
-237.50583807932674
-17.705742124709346
-44.99888688850969
-97.99248061582
-179.60834274156912
-153.16853450836382
-124.12233409021431
-139.49773936187069
-134.06600982854536
-98.87553532503902
-95.87099520495644
-249.83966674609985
-222.56106864333947
-161.4991487624064
-160.3954078662319
-266.86333842697655
-168.9350868688096
-121.46301837120247
-160.39076078912586
-125.76267309773168
-70.14922982010017
-147.5795337896173
-146.9267710031379
-160.5178590696966
-344.9411593408596
-256.4690225513507
-264.2894066019875
-122.22489672337173
-33.75247638930067
-121.72421038600908
-239.45018558431212
-125.36217220701964
-297.9963072478235
-306.98085700327715
-287.84020912786445
-369.17979334273144
-180.2848088316431
-219.83584413686316
-134.89622642603592
-136.78712423664155
-142.03584505034976
-40.93807590679603
-157.0735750121813
-125.41598227014788
-76.96654054617368
-130.0228911975786
-116.40643991157295
-128.70187374405353
-182.54362941871761
-146.9006086626324
-118.62739896017507
-144.07085725924992
-121.22907810531524
11.052578294699046
-162.17475429145014
-283.94768308558145
-261.7965714589501
-266.8602704645246
-65.79825387342456
-160.1925398932006
-155.81781446149802
-100.18732673303866
-103.77372486119299
-152.50168142135703
-151.12950228381936
-119.3957131945841
-145.66731514073922
-153.96396013978924
-199.74061912042418
-174.77639951722608
-100.35001635932319
-148.5651431573209
-96.25619369189398
-88.47285635983535
-107.78617814272876
-104.12325718020703
-173.08914700432194
-254.7395005926718
-191.495779864569
-120.74198591641806
-102.89139594926857
-89.5229620457361
-57.28799421969788
-113.83184816460204
-59.990847189279805
-143.5004046312253
-139.3167672922598
-84.66734452876715
-107.42175691136168
-117.82799431062497
-115.76110427688495
-93.97010071945428
-80.5278976503593
-296.599525046384
-196.7326882322174
-114.0840126885337
-182.13366383339667
-271.3499242454261
-192.79589188720678
-181.2256916880508
-140.92926109732343
-71.31650760068017
-123.1739285323228
-91.59184763452166
-126.93498700874437
-206.32895882941352
-185.70255744314943
-106.66077914292258
-282.8285582798806
-426.6880687012358
-25.211408637984718
-179.81215038828486
-268.8218612462645
-242.6037104332378
-359.6423721216288
-181.730840028458
-128.6622381444211
-170.54154011852262
-176.1292052400261
-108.42545348925658
-170.35362213809032
-59.390131849235324
-82.86308598811587
-95.6011526878177
-124.2104869585722
-146.0336351299151
-226.99987535687663
-83.90257974635524
30.407640440659634
-348.4895387916249
-272.09674146993893
-88.54023245710624
-107.258527620771
-311.7035489352964
-181.75420469593826
-96.65271718126081
-241.045143271979
-94.37026614526596
-66.89424907513981
-106.30547305058361
-130.24781503454403
-50.91784976906749
-151.21388044286687
-119.95492289812253
-203.7173975712196
-298.12928006806396
-235.90599912180505
-455.39460715899384
-102.57950517671821
-431.99419326308873
-430.76840483712203
-80.01208423563156
-105.34062223213388
178.76674253694495
-366.6152501900295
-172.53055102886896
-227.8945049059734
-156.45020847152972
-343.95163558071647
-368.151585139065
-278.97879785189656
-134.22745906961404
-193.6081720426476
-92.85304850309473
-136.21643376816007
-88.25904544471368
-115.50829138278354
-130.3999670506036
-159.22170741668367
-176.38520584621224
-38.255515554032726
-61.974563826706486
-80.06103663106038
-113.54625160167129
-150.03561954416978
-123.90137543151775
-156.4918203614502
-135.6836610918462
-86.56056861222895
-150.05398789552075
-104.55241326036372
-96.27944623841589
-89.69852174649425
-159.6883915788331
-104.92839972154485
-143.74321554481043
-46.91908102160751
-88.06678982634334
-124.18877450609384
-325.53955067997447
-116.15301731773518
-92.37642622161486
-107.36473459367619
-211.60731073442585
-92.60466939256806
-209.57911837869466
-104.53307766891722
-186.06620225316797
-83.94004197500824
-117.75446320013133
-6.696138286146335
-155.38190820374297
-94.79798817864749
-209.4012703087094
-64.74541880839868
-130.49702575662388
-130.14524433942822
-63.62568403697084
-75.19789553359426
-95.68445408155368
-160.65426961658966
-102.1570831274801
-122.63326401315479
-180.2859520184922
-6.919868122971906
-102.6558740188159
-202.1180799261895
-206.07258198185576
-171.8481675000832
-81.7951262340897
-266.0687495934875
-355.75689222229755
-127.13802317973492
-78.87388969002231
-160.77665901273252
-133.4308215546157
-77.88449261332651
-58.52696795283182
-157.77406370299033
-52.99064102562696
-117.6267697272597
-110.28860758867953
-175.40508321734416
-169.18307881388947
-102.02769991514148
-139.9262342732755
-211.10621453416007
-143.47447462433638
-119.90461702546958
-119.68813366915248
-115.8186223306845
-138.75977912999593
-92.04506290347167
-56.35751207668386
-96.28458252052494
-198.07082086469586
-53.050687563980745
118.5395708940636
-204.08139663706845
-193.7522906553993
-193.99362086302227
-269.6073964457201
-141.08452278508378
-76.99083296217337
-112.39742553003109
-287.1233359180084
-78.97369461760246
-64.58615333089604
-46.6685425383955
-123.29263157626849
-435.3472252578254
-178.1212666450991
-213.08759231561442
-149.11839723818707
-250.77109647429035
-93.08867428505276
-248.99008770773358
-255.6135935525827
-142.14030365450878
-12.210993052652157
-1.2900468076546616
-53.00506383778085
11.059974800779614
-49.06970668416989
-100.65828065499802
-233.36097968825507
28.523898105467026
-120.60340225563601
-61.644903781554646
-96.91252488307302
-84.29403417715692
-83.02094858912221
-249.2929260932975
-9.82757256860613
-62.34409556731883
-33.99134435962756
-288.27105806744106
-144.74209185151375
-56.04003354539192
-46.23685228080655
-123.44476618753565
-269.7095466626828
-35.89875657332023
-108.85037423433545
163.5242506375786
-244.1085401834139
-380.6073432816657
-100.93581252732437
-95.16412244927297
112.84690356817339
-177.76447957190658
-203.96341821697615
-195.688306641655
-117.38653078848857
-94.38624964811585
-112.76228213524604
-70.5731208930946
-61.21021138453316
-60.97908697403087
140.61271586735478
-161.72434878369847
-70.36392694814798
-116.57508962863764
-158.48601826516727
-192.39215822919684
101.11558051441675
-228.88931641400364
-96.6233823675708
-86.38866539041474
-113.3937477679247
-106.62094529841087
-53.01564163477485
-42.62148876623449
-141.81449999570273
-164.81550771838118
-225.02629065155747
-211.79497548530662
-45.41888138881835
-209.1565216755922
-10.351364868601166
-107.3062929743852
-96.78423236829622
-190.2987470849777
-188.20464065392136
-82.47681653617427
-53.08146525614442
-450.6298316943569
-181.46827053858212
-297.8074529145465
-89.70777043345187
-204.47641278206584
-111.76374415859053
-105.81417590136479
-297.24713990685893
-295.50093062711915
-67.04730686627806
-51.023471122724985
-16.098120567933492
185.16347377631482
-183.3583579827151
-251.18502836145663
-349.69401201205494
-302.8167006448382
-209.00175896520355
-128.41730259460678
-163.14762938562666
-34.32045572591608
-133.8134362045812
-177.22165844711552
-116.31555203448795
-95.22089976221626
-74.2345571090955
156.68881115591944
-150.70439373700145
-177.14818233594644
-105.6392113481171
-46.35644227221674
-62.68439552862827
-372.43393567531115
-169.29725465412469
-144.79021320137676
-111.59247968378395
-112.50062862376514
-166.4535048771271
-145.5357427172377
-187.4836787493561
-60.98208944977802
-48.728411380413704
-121.94835966617792
-414.0614707857293
-128.21632059011029
-153.91850119690136
-448.7498707268992
-172.25140082800226
-13.10147110145678
-85.03760287534945
-386.1778315166874
-368.1304980234835
-324.728435978637
-187.34530849572062
-41.24967291674153
-342.0435866875416
-272.7165362203857
131.81449352027437
-30.626281366146728
